4.5775e-03 4.5888e-03 4.6579e-03 4.5752e-03 4.5407e-03 4.4465e-03 4.6215e-03 4.5950e-03 4.7083e-03 4.6888e-03 4.4648e-03 4.4007e-03 4.1067e-03 4.8700e-03 5.1604e-03 4.9449e-03 4.5805e-03 4.8922e-03 4.3297e-03 4.8731e-03 5.0163e-03
6.3932e-03 5.9050e-03 6.4919e-03 6.2319e-03 4.7576e-03 5.0776e-03 6.4001e-03 5.8323e-03 6.5147e-03 6.4220e-03 4.9188e-03 5.0981e-03 5.3901e-03 5.4522e-03 5.1805e-03 4.9248e-03 5.6049e-03 6.4452e-03 5.7023e-03 5.5312e-03 5.4779e-03
2.5772e-02 2.6002e-02 2.6103e-02 2.7733e-02 2.7658e-02 2.9700e-02 2.3294e-02 2.3501e-02 2.4327e-02 2.3491e-02 2.5100e-02 2.4492e-02 2.2617e-02 3.5010e-02 3.5405e-02 2.8180e-02 2.6649e-02 3.8264e-02 2.5219e-02 3.3652e-02 2.7792e-02
1.1468e-01 1.0725e-01 1.2062e-01 1.2216e-01 8.4146e-02 6.6431e-02 1.1790e-01 1.0756e-01 1.2251e-01 1.2400e-01 7.8508e-02 7.0197e-02 8.8117e-02 5.9409e-02 3.3063e-02 3.2638e-02 7.9606e-02 4.3529e-02 7.5921e-02 7.0536e-02 7.5895e-02
1.8405e-02 1.8774e-02 1.8869e-02 1.8664e-02 1.4759e-02 1.5898e-02 1.9829e-02 1.9878e-02 1.9522e-02 1.9553e-02 1.9996e-02 2.1584e-02 2.0994e-02 1.8190e-02 1.2664e-02 1.2289e-02 1.6866e-02 2.1244e-02 1.6376e-02 1.8485e-02 1.8854e-02
2.1365e-02 2.0690e-02 2.0558e-02 2.1328e-02 1.4211e-02 1.3750e-02 1.9435e-02 1.9275e-02 2.1092e-02 2.1300e-02 1.8180e-02 1.8437e-02 1.2819e-02 9.2037e-03 7.5616e-03 1.2417e-02 1.1379e-02 8.5556e-03 1.4133e-02 1.5928e-02 1.7142e-02
2.4903e-02 2.3517e-02 2.4933e-02 2.4876e-02 1.8229e-02 1.6435e-02 2.7713e-02 2.6716e-02 2.6629e-02 2.7023e-02 1.7077e-02 1.5896e-02 2.7742e-02 2.4064e-02 2.3319e-02 1.8471e-02 2.6262e-02 2.3009e-02 1.9536e-02 2.9304e-02 3.5044e-02
6.0271e-02 5.3740e-02 6.6040e-02 6.8312e-02 4.3265e-02 3.8959e-02 7.3818e-02 7.0638e-02 7.1102e-02 7.5008e-02 6.8449e-02 6.8984e-02 4.9648e-02 4.2271e-02 3.9252e-02 3.1269e-02 5.2547e-02 4.3807e-02 5.2717e-02 5.8845e-02 6.2176e-02
2.7973e-02 2.5795e-02 2.8619e-02 2.9556e-02 2.1505e-02 2.3392e-02 2.7000e-02 2.4720e-02 2.8352e-02 2.9376e-02 2.3737e-02 2.5154e-02 1.8072e-02 2.0804e-02 2.0984e-02 1.9465e-02 2.2045e-02 3.0499e-02 2.7550e-02 3.0314e-02 3.0654e-02
6.3554e-02 5.8461e-02 6.3667e-02 7.2087e-02 4.2642e-02 3.9867e-02 5.2464e-02 4.9422e-02 5.5984e-02 5.4405e-02 3.6050e-02 3.3510e-02 3.8248e-02 3.9750e-02 4.7102e-02 2.9968e-02 4.2795e-02 3.6557e-02 4.5534e-02 7.2925e-02 5.6488e-02
2.2950e-02 2.1700e-02 2.3873e-02 2.3865e-02 2.0577e-02 2.0310e-02 2.7626e-02 2.4739e-02 2.7437e-02 3.1483e-02 2.2555e-02 2.4840e-02 1.5630e-02 1.7659e-02 1.7279e-02 2.5110e-02 1.7415e-02 2.3412e-02 2.1124e-02 2.4049e-02 4.2055e-02
2.3822e-02 2.1749e-02 2.3600e-02 2.5480e-02 1.8836e-02 2.1303e-02 2.0956e-02 1.8844e-02 2.1979e-02 2.2479e-02 1.7248e-02 1.8231e-02 1.5090e-02 1.6057e-02 2.4032e-02 1.4179e-02 1.7285e-02 1.8738e-02 1.9331e-02 2.8888e-02 2.3798e-02
8.6198e-03 7.7667e-03 8.7220e-03 9.1199e-03 5.6657e-03 6.2131e-03 8.7174e-03 7.8612e-03 8.8416e-03 9.3804e-03 5.9055e-03 6.3862e-03 6.6318e-03 7.0961e-03 8.4468e-03 8.1310e-03 7.5006e-03 7.8913e-03 6.5512e-03 1.1060e-02 1.0765e-02
1.6476e-02 1.3891e-02 1.6483e-02 1.7833e-02 9.7856e-03 1.1829e-02 1.5200e-02 1.3722e-02 1.5818e-02 1.5890e-02 1.0374e-02 1.2317e-02 1.0029e-02 7.2714e-03 1.4714e-02 1.4043e-02 1.2747e-02 7.8677e-03 1.4298e-02 2.3159e-02 2.0148e-02
1.5531e-01 1.0984e-01 1.5783e-01 1.8072e-01 9.9045e-02 9.0520e-02 1.6752e-01 1.3994e-01 1.6255e-01 1.7641e-01 1.4312e-01 1.3867e-01 1.1056e-01 9.8041e-02 5.4683e-02 6.9672e-02 1.2453e-01 9.1350e-02 1.2567e-01 1.1957e-01 1.5814e-01
7.7122e-02 7.5932e-02 8.4569e-02 8.3970e-02 6.2160e-02 5.5221e-02 8.1780e-02 nan 8.7069e-02 8.9008e-02 5.2489e-02 5.2064e-02 8.8892e-02 1.2481e-01 4.9355e-02 3.3560e-02 1.1565e-01 1.1519e-01 5.7561e-02 1.1598e-01 1.0854e-01
1.1344e-01 8.6803e-02 1.2039e-01 1.2633e-01 5.3203e-02 4.1538e-02 1.4903e-01 1.3390e-01 1.3969e-01 1.4655e-01 1.0581e-01 9.5979e-02 8.8433e-02 8.2513e-02 5.5592e-02 2.5664e-02 8.5694e-02 8.4110e-02 9.9663e-02 1.3679e-01 1.2256e-01
1.4301e-02 1.4236e-02 1.4514e-02 1.5298e-02 1.1521e-02 1.2278e-02 1.2231e-02 1.1857e-02 1.2782e-02 1.2154e-02 1.1595e-02 1.1186e-02 9.9726e-03 1.2869e-02 1.1880e-02 1.1867e-02 1.0881e-02 1.3418e-02 1.1752e-02 1.3934e-02 1.1781e-02
2.7440e-02 2.5501e-02 2.7120e-02 2.8689e-02 2.2163e-02 2.2713e-02 2.6752e-02 2.4904e-02 2.5959e-02 2.5995e-02 2.0816e-02 1.9997e-02 2.5586e-02 1.8734e-02 1.5841e-02 2.1810e-02 2.3808e-02 1.6982e-02 1.7866e-02 2.3375e-02 2.8250e-02
1.0805e-01 9.2428e-02 1.0845e-01 1.0311e-01 7.3227e-02 6.0110e-02 1.0606e-01 9.2977e-02 1.0904e-01 1.0090e-01 7.2349e-02 6.0868e-02 1.2962e-01 9.6872e-02 1.1504e-01 9.3098e-02 1.1360e-01 8.9572e-02 6.3506e-02 1.3261e-01 1.0675e-01
6.7771e-02 6.1991e-02 6.7371e-02 6.8822e-02 4.2572e-02 4.3036e-02 6.5584e-02 5.9696e-02 6.6047e-02 6.5200e-02 4.3415e-02 4.4076e-02 5.9831e-02 6.2741e-02 5.8195e-02 4.5076e-02 6.4460e-02 7.1418e-02 4.3685e-02 1.0840e-01 7.0061e-02
4.0148e-02 3.8088e-02 4.0578e-02 4.3501e-02 3.3540e-02 3.3254e-02 3.4251e-02 2.9969e-02 3.9203e-02 4.2520e-02 2.1155e-02 2.2183e-02 2.5087e-02 3.9028e-02 2.0253e-02 2.0534e-02 2.5732e-02 4.3530e-02 2.7405e-02 4.8613e-02 3.2460e-02
2.3967e-02 2.0667e-02 2.4425e-02 2.1448e-02 2.2663e-02 2.0424e-02 2.3272e-02 1.9934e-02 2.4054e-02 2.2628e-02 2.2758e-02 1.9329e-02 2.6250e-02 3.2171e-02 3.3267e-02 2.7772e-02 2.6658e-02 3.3868e-02 2.1963e-02 2.4832e-02 2.0039e-02
1.5914e-02 1.6840e-02 1.7007e-02 1.7183e-02 1.3022e-02 1.4006e-02 1.6246e-02 1.7426e-02 1.7061e-02 1.5919e-02 1.3725e-02 1.5458e-02 1.2015e-02 1.8985e-02 1.9526e-02 1.8617e-02 1.6907e-02 2.3290e-02 1.2955e-02 2.1889e-02 1.7823e-02
3.7113e-02 3.2857e-02 3.7677e-02 3.3849e-02 3.6591e-02 3.3423e-02 4.6117e-02 4.0731e-02 4.3632e-02 4.8164e-02 3.4481e-02 3.5859e-02 4.4445e-02 4.5333e-02 4.1879e-02 4.7331e-02 5.0941e-02 4.1402e-02 3.7271e-02 4.2396e-02 5.8241e-02
4.3196e-02 4.3340e-02 4.3396e-02 4.3830e-02 3.8552e-02 3.7949e-02 4.1550e-02 4.1205e-02 4.2588e-02 4.2482e-02 3.6604e-02 3.6624e-02 3.8237e-02 4.0206e-02 3.0066e-02 4.2903e-02 4.1919e-02 3.3356e-02 3.3517e-02 4.4846e-02 4.1953e-02
3.6906e-02 3.5479e-02 3.9586e-02 3.9181e-02 3.7567e-02 3.8734e-02 4.6590e-02 4.7453e-02 4.7988e-02 5.8213e-02 5.8154e-02 7.5436e-02 1.9564e-02 2.1121e-02 2.3493e-02 3.5495e-02 2.4633e-02 1.8610e-02 4.8242e-02 3.4236e-02 4.1599e-02
2.5450e-02 2.4334e-02 2.4754e-02 2.7165e-02 1.9407e-02 2.3744e-02 3.2136e-02 2.7160e-02 2.9223e-02 3.3361e-02 1.9099e-02 1.9285e-02 3.0258e-02 7.3191e-02 4.2702e-02 2.8090e-02 4.2246e-02 6.5400e-02 1.7895e-02 4.8288e-02 3.8436e-02
6.4339e-02 5.6197e-02 6.2884e-02 6.6347e-02 4.3540e-02 5.0086e-02 5.1221e-02 4.1471e-02 5.2040e-02 5.4611e-02 3.1104e-02 3.1389e-02 3.3860e-02 1.9332e-02 3.2379e-02 1.7245e-02 3.1240e-02 3.3215e-02 4.8474e-02 4.8245e-02 5.9316e-02
2.6580e-02 2.3827e-02 2.6102e-02 2.6617e-02 2.0177e-02 2.1932e-02 1.6446e-02 1.5427e-02 1.8454e-02 1.3521e-02 1.4821e-02 1.2232e-02 2.1152e-02 1.5202e-02 1.4964e-02 1.3029e-02 1.7990e-02 1.5564e-02 1.9350e-02 2.3498e-02 1.0612e-02
3.5639e-02 3.5279e-02 3.8652e-02 3.6849e-02 2.8814e-02 3.0469e-02 2.9571e-02 2.8091e-02 3.3767e-02 2.4551e-02 2.7464e-02 2.1737e-02 2.4041e-02 2.1651e-02 2.7043e-02 2.8198e-02 2.4245e-02 2.5288e-02 3.0492e-02 3.8468e-02 2.6062e-02
2.4562e-02 2.2981e-02 2.6302e-02 2.2487e-02 1.9579e-02 1.7951e-02 2.8088e-02 2.5706e-02 2.8430e-02 2.6801e-02 2.1818e-02 2.1260e-02 2.7843e-02 2.9035e-02 2.7862e-02 3.3279e-02 2.7142e-02 3.3000e-02 2.0087e-02 2.4382e-02 3.0046e-02
2.6511e-02 2.4758e-02 2.7597e-02 2.6242e-02 1.9124e-02 2.0655e-02 2.3763e-02 2.1929e-02 2.5549e-02 2.2990e-02 1.7205e-02 1.7505e-02 1.8260e-02 2.2297e-02 2.6526e-02 2.4232e-02 2.1454e-02 2.3328e-02 1.9299e-02 2.9800e-02 2.3775e-02
1.7256e-02 1.6562e-02 1.6844e-02 1.7899e-02 1.3223e-02 1.3399e-02 1.5917e-02 1.5834e-02 1.6295e-02 1.5908e-02 1.5204e-02 1.5019e-02 1.3850e-02 1.2450e-02 1.3737e-02 1.2232e-02 1.4017e-02 1.1821e-02 1.2211e-02 1.7136e-02 1.3454e-02
5.4310e-02 5.3926e-02 5.3937e-02 6.0078e-02 4.2275e-02 5.2405e-02 4.3059e-02 3.9293e-02 4.5437e-02 4.3987e-02 2.9523e-02 3.0531e-02 3.3390e-02 3.6128e-02 2.0866e-02 1.8531e-02 3.5033e-02 4.7235e-02 3.8180e-02 3.3892e-02 2.8705e-02
1.8658e-01 1.6459e-01 1.8367e-01 1.9398e-01 1.1864e-01 1.2027e-01 1.7143e-01 1.4584e-01 1.7757e-01 1.7953e-01 9.3747e-02 8.3517e-02 1.6828e-01 1.3249e-01 1.9194e-01 1.0395e-01 1.8755e-01 1.0582e-01 8.1607e-02 1.9136e-01 1.7104e-01
7.0889e-02 5.7942e-02 6.9290e-02 7.4414e-02 2.7068e-02 1.7321e-02 6.5552e-02 5.5508e-02 7.1198e-02 7.1145e-02 2.4332e-02 2.2028e-02 7.1628e-02 5.6801e-02 7.8711e-02 5.4473e-02 1.0085e-01 4.1656e-02 3.2880e-02 1.0993e-01 8.7134e-02
8.3852e-02 7.7997e-02 8.2688e-02 8.3468e-02 6.8107e-02 6.9551e-02 7.7963e-02 7.5512e-02 8.0708e-02 7.3146e-02 6.4913e-02 6.2974e-02 8.9915e-02 1.0512e-01 9.9152e-02 6.0033e-02 1.1778e-01 5.3189e-02 6.4090e-02 8.9129e-02 6.7770e-02
8.2842e-03 8.3624e-03 8.2297e-03 8.2411e-03 8.1279e-03 8.6612e-03 7.5886e-03 7.2918e-03 8.0636e-03 8.4422e-03 6.1217e-03 6.2715e-03 5.5106e-03 6.0367e-03 7.3520e-03 6.4343e-03 5.9692e-03 6.1187e-03 7.1184e-03 8.3797e-03 9.1312e-03
6.6019e-03 6.3608e-03 6.5592e-03 6.9629e-03 4.9228e-03 5.6133e-03 6.0258e-03 5.7066e-03 6.1584e-03 6.0921e-03 4.7571e-03 4.9793e-03 5.4848e-03 6.0649e-03 7.7318e-03 6.6958e-03 7.1464e-03 5.3121e-03 4.7784e-03 8.7591e-03 7.2964e-03
3.8363e-03 3.6316e-03 3.7849e-03 3.9655e-03 3.1966e-03 3.3432e-03 3.7103e-03 3.5007e-03 3.6398e-03 3.6391e-03 3.0721e-03 3.0499e-03 3.7403e-03 5.0809e-03 4.4827e-03 4.2077e-03 4.4857e-03 5.8314e-03 2.6230e-03 5.9736e-03 4.9447e-03
9.3930e-03 8.9386e-03 9.2125e-03 1.0117e-02 7.3511e-03 7.6561e-03 8.1706e-03 7.9759e-03 8.5067e-03 8.3267e-03 7.8895e-03 8.0452e-03 6.4759e-03 7.4659e-03 1.2346e-02 1.0144e-02 7.4714e-03 7.9482e-03 8.0706e-03 1.4155e-02 9.9267e-03
2.0521e-02 1.9445e-02 1.9830e-02 2.0875e-02 1.6228e-02 1.5744e-02 1.7034e-02 1.6079e-02 1.7806e-02 1.7322e-02 1.2552e-02 1.1816e-02 1.5548e-02 1.6310e-02 1.2773e-02 8.8103e-03 1.6271e-02 1.5937e-02 1.3950e-02 2.1325e-02 1.5556e-02
3.8239e-02 3.4445e-02 3.7785e-02 3.7874e-02 3.1657e-02 3.2412e-02 3.4278e-02 3.0547e-02 3.4316e-02 3.3145e-02 2.8719e-02 2.8264e-02 3.4151e-02 2.2064e-02 2.2097e-02 1.8700e-02 2.8218e-02 2.3753e-02 3.4559e-02 2.7312e-02 2.4710e-02
8.8100e-02 7.4238e-02 8.3761e-02 9.1035e-02 4.2569e-02 4.2469e-02 7.5446e-02 6.8720e-02 7.9358e-02 7.6459e-02 4.5680e-02 4.7138e-02 6.4910e-02 8.5362e-02 8.0989e-02 7.3735e-02 8.2318e-02 8.1899e-02 5.4245e-02 1.1006e-01 9.5238e-02
1.6240e-01 1.4786e-01 1.7372e-01 1.5872e-01 9.7994e-02 8.4533e-02 1.8577e-01 1.6797e-01 1.9326e-01 1.7335e-01 1.0885e-01 9.1938e-02 2.2398e-01 8.1001e-02 5.3939e-02 6.3875e-02 1.0645e-01 7.8427e-02 9.9809e-02 1.2357e-01 1.2590e-01
3.5669e-01 3.4633e-01 4.0035e-01 3.7950e-01 2.5047e-01 2.1038e-01 4.3027e-01 3.9339e-01 4.3400e-01 4.2898e-01 2.5245e-01 2.3522e-01 4.3325e-01 3.3319e-01 1.5985e-01 2.1783e-01 3.2081e-01 2.5872e-01 2.0772e-01 2.9397e-01 5.1546e-01
1.9245e-02 1.8743e-02 2.0396e-02 2.1319e-02 1.4422e-02 1.6540e-02 1.9243e-02 1.9947e-02 2.0616e-02 2.0457e-02 1.6039e-02 1.8511e-02 1.1093e-02 1.4843e-02 1.4200e-02 1.6168e-02 1.2363e-02 1.6638e-02 1.6090e-02 2.0298e-02 1.9619e-02
1.4701e-02 1.5316e-02 1.5458e-02 1.7354e-02 9.8444e-03 1.2013e-02 1.2897e-02 1.3292e-02 1.4065e-02 1.4072e-02 9.0530e-03 1.0386e-02 6.6445e-03 8.2899e-03 9.2625e-03 8.1409e-03 7.1978e-03 8.2314e-03 1.0279e-02 1.4531e-02 8.6613e-03
6.5857e-02 7.2032e-02 6.6489e-02 8.7158e-02 5.6234e-02 8.5727e-02 4.0026e-02 4.4298e-02 4.8296e-02 3.7797e-02 4.1645e-02 4.2309e-02 2.2037e-02 3.6416e-02 2.7967e-02 1.7961e-02 2.2047e-02 2.9257e-02 5.6166e-02 5.2424e-02 1.7441e-02
2.9643e-02 2.6270e-02 2.9102e-02 3.1254e-02 1.8717e-02 2.0332e-02 2.4747e-02 2.3479e-02 2.5092e-02 2.3734e-02 1.9774e-02 1.9437e-02 2.1924e-02 1.9373e-02 1.9009e-02 1.4201e-02 2.1325e-02 2.3285e-02 2.1875e-02 2.6970e-02 1.6328e-02
8.9000e-02 3.6366e-02 6.0705e-02 4.5458e-02 1.0862e-02 1.3555e-02 4.7569e-02 2.8295e-02 4.6596e-02 4.0210e-02 8.8004e-03 1.3139e-02 7.4617e-02 1.6124e-02 1.2179e-02 1.0267e-02 1.3690e-02 1.6181e-02 3.7809e-02 1.7493e-02 1.8280e-02
2.3877e-02 2.0630e-02 2.3694e-02 2.3156e-02 2.0134e-02 1.8824e-02 2.3265e-02 2.2315e-02 2.5216e-02 2.6047e-02 2.4561e-02 2.5428e-02 1.8414e-02 1.3400e-02 1.3575e-02 2.1446e-02 2.0508e-02 8.1467e-03 2.4550e-02 1.2583e-02 1.7434e-02
1.7468e-02 1.7984e-02 1.8673e-02 2.0410e-02 1.5834e-02 1.6912e-02 1.8324e-02 1.9645e-02 1.9088e-02 2.0072e-02 1.9015e-02 2.1459e-02 8.0698e-03 8.3321e-03 8.8800e-03 6.7222e-03 6.7231e-03 6.4722e-03 1.8020e-02 1.5115e-02 8.5625e-03
1.3784e-02 1.2870e-02 1.3731e-02 1.3240e-02 1.1585e-02 1.1308e-02 1.3984e-02 1.2901e-02 1.3735e-02 1.3530e-02 1.0316e-02 1.0046e-02 1.6314e-02 1.6787e-02 1.4159e-02 1.6076e-02 1.7911e-02 1.6118e-02 8.9617e-03 1.5587e-02 1.6381e-02
4.1597e-02 4.1592e-02 5.4783e-02 3.1265e-02 4.6645e-02 3.5624e-02 5.8651e-02 5.2347e-02 6.9555e-02 4.5514e-02 4.4738e-02 4.6390e-02 3.3411e-02 1.7501e-02 2.8558e-02 2.7021e-02 3.4463e-02 1.7331e-02 7.0653e-02 2.6065e-02 2.4167e-02
3.6391e-02 3.6005e-02 3.5216e-02 3.5691e-02 3.3333e-02 3.4022e-02 3.0693e-02 2.9072e-02 3.2777e-02 3.1737e-02 2.4596e-02 2.3320e-02 3.1965e-02 3.3778e-02 4.2216e-02 2.5852e-02 3.3884e-02 3.4185e-02 2.6925e-02 4.5257e-02 3.7908e-02
6.1681e-02 6.3374e-02 6.1887e-02 6.5910e-02 5.4200e-02 5.6614e-02 5.2961e-02 5.2541e-02 5.7566e-02 5.6426e-02 4.3480e-02 4.3250e-02 3.6094e-02 3.5361e-02 4.7664e-02 2.9656e-02 3.5555e-02 3.3797e-02 5.1452e-02 6.3192e-02 4.7117e-02
1.2574e-01 1.1982e-01 1.3663e-01 1.2133e-01 1.0544e-01 1.0612e-01 1.4843e-01 1.2684e-01 1.5061e-01 1.5828e-01 1.0792e-01 1.1649e-01 9.6478e-02 1.0583e-01 5.9399e-02 7.7267e-02 8.9539e-02 1.1620e-01 1.2771e-01 6.0200e-02 1.2136e-01
4.7075e-02 4.5123e-02 4.6520e-02 4.7395e-02 4.0484e-02 3.8845e-02 4.4095e-02 4.2278e-02 4.5672e-02 4.5785e-02 3.8951e-02 3.8019e-02 3.9191e-02 3.3255e-02 3.8168e-02 2.6312e-02 3.8887e-02 3.2811e-02 3.6437e-02 5.0043e-02 4.4855e-02
8.7816e-03 8.1709e-03 8.8568e-03 9.0949e-03 6.4025e-03 6.2252e-03 8.6658e-03 7.8537e-03 8.3583e-03 8.3328e-03 5.4424e-03 5.3589e-03 9.5230e-03 1.4725e-02 1.1477e-02 1.0771e-02 1.1382e-02 1.6839e-02 5.3620e-03 1.3419e-02 1.3526e-02
1.1485e-02 1.1488e-02 1.1775e-02 1.1914e-02 9.0836e-03 9.3785e-03 1.1646e-02 1.1688e-02 1.1873e-02 1.1591e-02 1.0468e-02 1.1002e-02 9.7974e-03 1.1921e-02 1.1681e-02 1.0083e-02 1.1017e-02 1.2194e-02 9.5249e-03 1.2337e-02 1.1571e-02
1.2766e-02 1.1852e-02 1.2932e-02 1.2714e-02 1.1338e-02 1.1815e-02 1.1497e-02 9.5786e-03 1.1648e-02 1.1185e-02 8.4724e-03 8.2956e-03 1.2136e-02 1.2557e-02 1.2132e-02 9.0383e-03 1.2991e-02 1.3770e-02 1.1633e-02 1.4172e-02 1.0608e-02
1.8485e-02 1.6941e-02 1.9065e-02 2.1054e-02 1.0572e-02 1.1315e-02 1.8547e-02 1.8208e-02 1.8170e-02 1.7623e-02 1.1990e-02 1.3010e-02 1.1937e-02 1.2699e-02 1.5083e-02 9.0259e-03 1.1715e-02 1.3491e-02 1.4513e-02 2.0846e-02 1.5299e-02
2.6100e-02 2.2552e-02 2.4135e-02 2.6284e-02 1.5697e-02 1.7545e-02 1.9467e-02 1.7540e-02 1.9809e-02 1.7492e-02 1.4481e-02 1.4394e-02 2.4818e-02 2.6992e-02 2.1906e-02 2.0306e-02 2.7522e-02 2.6796e-02 1.6871e-02 3.0651e-02 2.2958e-02
2.1014e-02 2.0378e-02 2.1341e-02 2.1599e-02 1.5319e-02 1.7268e-02 1.7527e-02 1.6148e-02 1.8616e-02 1.7198e-02 1.3703e-02 1.4056e-02 1.5147e-02 1.4832e-02 1.6663e-02 1.2968e-02 1.6519e-02 1.6314e-02 1.6396e-02 2.1149e-02 1.3565e-02
1.2381e-02 1.1857e-02 1.1866e-02 1.3827e-02 1.0222e-02 1.1231e-02 8.8561e-03 8.5728e-03 9.7164e-03 8.8233e-03 8.3334e-03 7.5936e-03 8.0305e-03 1.0565e-02 1.2596e-02 8.6144e-03 9.1630e-03 1.0227e-02 8.6162e-03 1.5955e-02 9.3710e-03
4.0035e-02 3.9777e-02 4.0839e-02 4.5102e-02 3.6873e-02 4.1055e-02 3.1612e-02 3.0572e-02 3.5450e-02 3.4101e-02 2.8524e-02 2.6837e-02 2.1533e-02 2.2406e-02 3.7319e-02 1.8317e-02 2.0626e-02 2.2703e-02 3.3879e-02 5.2086e-02 2.3658e-02
1.3836e-02 1.1814e-02 1.4162e-02 1.5520e-02 1.0484e-02 1.2275e-02 1.1893e-02 1.1195e-02 1.2568e-02 1.1833e-02 6.6682e-03 8.0185e-03 8.2577e-03 1.2218e-02 1.0073e-02 1.6560e-02 1.0046e-02 1.1589e-02 1.0500e-02 1.8303e-02 1.2957e-02
1.2157e-02 1.1598e-02 1.2948e-02 1.2815e-02 1.0046e-02 1.0078e-02 1.4525e-02 1.4817e-02 1.4582e-02 1.5401e-02 1.2489e-02 1.4356e-02 9.7898e-03 1.1664e-02 1.0032e-02 1.3366e-02 1.1797e-02 1.1726e-02 1.0815e-02 1.1854e-02 1.4081e-02
1.5925e-02 1.5662e-02 1.6152e-02 1.5233e-02 1.5264e-02 1.3817e-02 1.8722e-02 1.8551e-02 1.7798e-02 1.8531e-02 1.8876e-02 1.9707e-02 1.8984e-02 1.3925e-02 1.4189e-02 1.7976e-02 1.7486e-02 1.2804e-02 1.7723e-02 1.3995e-02 1.9441e-02
3.6113e-02 3.2475e-02 3.6596e-02 3.7162e-02 3.5648e-02 3.1022e-02 3.6588e-02 3.4173e-02 3.7250e-02 3.7935e-02 3.7351e-02 3.5596e-02 2.9136e-02 3.1154e-02 2.5714e-02 2.3454e-02 2.8273e-02 3.2188e-02 3.6660e-02 3.7515e-02 3.4194e-02
4.6858e-02 3.4923e-02 4.5171e-02 4.5859e-02 3.0721e-02 3.2371e-02 3.6769e-02 2.9068e-02 3.9761e-02 3.7849e-02 2.7462e-02 2.5871e-02 3.0314e-02 4.2071e-02 4.3250e-02 3.0655e-02 4.0253e-02 4.6899e-02 3.4038e-02 5.7536e-02 4.6536e-02
1.0076e-02 9.2910e-03 9.8412e-03 9.6505e-03 6.4872e-03 6.7489e-03 8.9510e-03 8.5859e-03 8.9645e-03 8.7020e-03 7.3504e-03 7.6249e-03 9.8627e-03 9.3375e-03 1.0951e-02 9.0749e-03 1.0067e-02 8.5671e-03 7.3709e-03 1.1186e-02 9.7649e-03
1.0782e-01 1.0249e-01 1.0831e-01 1.1543e-01 1.0508e-01 1.0552e-01 9.6170e-02 9.1260e-02 9.7112e-02 9.1678e-02 6.5672e-02 5.9023e-02 1.0212e-01 7.9640e-02 7.6388e-02 7.8012e-02 9.5470e-02 8.9405e-02 9.0788e-02 8.8333e-02 8.1081e-02
2.4784e-02 2.3838e-02 2.5076e-02 2.5594e-02 2.1431e-02 2.1062e-02 2.4731e-02 2.3385e-02 2.4422e-02 2.4948e-02 1.9596e-02 1.9345e-02 2.2042e-02 2.7465e-02 2.5935e-02 2.3637e-02 2.5826e-02 3.0478e-02 2.0749e-02 2.9077e-02 3.0039e-02
2.2529e-02 2.1841e-02 2.3055e-02 2.2726e-02 2.1394e-02 2.2084e-02 2.5808e-02 2.4418e-02 2.4960e-02 2.6900e-02 2.1065e-02 2.2413e-02 2.2702e-02 3.6741e-02 3.0919e-02 4.0416e-02 3.1319e-02 3.1291e-02 1.8552e-02 2.5480e-02 3.6031e-02
8.8550e-02 7.9750e-02 9.7481e-02 1.0225e-01 7.9320e-02 7.2615e-02 9.5882e-02 9.0827e-02 9.5853e-02 9.2234e-02 8.8594e-02 8.2865e-02 6.3017e-02 5.4586e-02 6.8870e-02 6.9852e-02 5.9010e-02 5.7656e-02 8.0227e-02 7.8653e-02 7.7780e-02
5.9392e-02 5.7042e-02 6.0060e-02 6.8308e-02 4.8826e-02 4.7033e-02 5.1175e-02 4.8493e-02 5.4749e-02 5.5216e-02 4.0292e-02 4.0636e-02 3.2589e-02 4.7560e-02 6.3833e-02 4.6045e-02 3.9699e-02 4.4301e-02 4.2035e-02 9.5690e-02 7.4371e-02
2.2288e-02 2.0500e-02 2.2719e-02 2.0876e-02 1.8536e-02 1.7165e-02 2.3295e-02 2.0720e-02 2.3310e-02 2.2090e-02 1.8192e-02 1.6659e-02 2.8574e-02 3.4222e-02 3.1036e-02 3.7181e-02 3.6848e-02 2.7522e-02 1.4297e-02 2.6357e-02 3.0236e-02
4.9445e-02 3.8301e-02 4.7874e-02 5.5064e-02 3.2494e-02 3.6030e-02 4.3375e-02 3.5532e-02 4.4546e-02 4.8000e-02 3.0228e-02 3.1198e-02 2.9346e-02 3.6890e-02 4.3840e-02 3.7990e-02 4.0236e-02 5.7191e-02 3.8019e-02 6.5103e-02 5.9193e-02
5.1347e-02 5.7995e-02 6.6425e-02 5.1472e-02 2.8136e-02 4.3813e-02 9.1677e-02 9.8165e-02 9.9701e-02 1.0475e-01 3.9474e-02 7.3451e-02 2.5580e-02 2.2569e-02 2.0459e-02 4.2479e-02 2.7510e-02 3.3864e-02 8.5648e-02 2.5316e-02 6.1897e-02
7.3051e-03 7.0031e-03 7.2071e-03 7.3730e-03 5.8033e-03 6.1267e-03 7.0229e-03 6.5287e-03 7.1352e-03 7.0420e-03 5.3790e-03 5.3720e-03 8.0075e-03 1.3980e-02 1.2429e-02 1.0963e-02 1.3063e-02 1.1468e-02 5.1267e-03 8.1360e-03 9.4118e-03
1.1761e-01 6.5589e-02 1.0142e-01 1.1169e-01 5.0420e-02 6.4818e-02 1.0234e-01 7.4824e-02 1.0185e-01 9.5932e-02 5.7790e-02 6.4182e-02 6.5728e-02 1.1853e-01 1.1352e-01 1.1679e-01 8.9667e-02 1.7394e-01 9.9832e-02 1.3046e-01 1.1083e-01
1.0551e-01 8.5341e-02 1.1116e-01 1.0330e-01 5.8457e-02 6.2240e-02 1.3355e-01 9.8713e-02 1.2827e-01 1.4080e-01 6.3321e-02 7.6877e-02 7.5639e-02 1.2313e-01 1.3882e-01 1.5098e-01 1.0713e-01 1.3114e-01 8.5500e-02 1.4641e-01 2.1921e-01
2.8354e-02 2.5204e-02 2.8594e-02 2.7602e-02 2.2716e-02 2.2653e-02 3.0915e-02 2.7810e-02 3.0646e-02 3.2846e-02 2.3338e-02 2.4791e-02 2.6526e-02 1.8782e-02 1.3449e-02 1.2444e-02 2.7619e-02 2.2932e-02 2.5608e-02 2.4726e-02 2.1283e-02
1.8261e-02 1.6166e-02 1.8884e-02 1.9809e-02 1.8081e-02 1.8183e-02 1.7326e-02 1.6624e-02 1.8579e-02 1.6713e-02 1.7379e-02 1.5649e-02 1.1842e-02 9.0773e-03 9.3769e-03 1.2667e-02 1.0518e-02 8.3276e-03 1.9775e-02 1.4692e-02 1.2458e-02
5.0009e-02 4.1377e-02 4.7230e-02 5.3256e-02 2.5880e-02 2.9401e-02 4.0565e-02 3.4606e-02 4.1456e-02 3.9374e-02 2.3603e-02 2.4149e-02 4.7237e-02 5.7959e-02 4.4231e-02 4.8424e-02 4.4966e-02 7.1228e-02 2.7862e-02 6.9334e-02 5.3443e-02
6.5177e-02 5.8196e-02 6.5551e-02 6.9221e-02 4.2495e-02 4.1705e-02 6.4350e-02 5.9542e-02 6.5402e-02 6.7814e-02 4.9027e-02 5.2343e-02 5.8533e-02 9.9765e-02 6.7909e-02 6.3291e-02 8.4133e-02 1.1976e-01 3.8946e-02 1.1162e-01 9.2219e-02
1.2899e-02 1.2016e-02 1.2827e-02 1.2748e-02 9.2949e-03 8.7673e-03 1.3940e-02 1.2765e-02 1.3771e-02 1.4786e-02 1.0654e-02 1.0898e-02 1.8090e-02 1.8105e-02 1.6462e-02 1.7202e-02 1.7025e-02 2.0591e-02 1.0073e-02 2.1971e-02 2.0468e-02
1.2034e-02 1.1661e-02 1.2028e-02 1.2275e-02 1.1104e-02 1.1818e-02 1.1093e-02 1.0121e-02 1.1171e-02 1.1508e-02 8.9205e-03 8.5854e-03 1.0677e-02 1.0626e-02 1.2678e-02 1.2323e-02 1.1331e-02 1.1741e-02 9.9084e-03 1.4207e-02 1.2980e-02
1.9676e-02 1.9326e-02 2.0239e-02 1.9971e-02 1.5971e-02 1.6233e-02 1.9666e-02 1.8256e-02 2.0240e-02 2.1085e-02 1.5361e-02 1.6110e-02 1.3146e-02 1.5056e-02 1.9024e-02 1.7827e-02 1.4772e-02 1.7093e-02 1.5829e-02 2.3725e-02 2.2516e-02
3.9402e-03 3.8365e-03 4.0687e-03 4.2405e-03 3.3200e-03 3.4234e-03 4.1848e-03 4.0566e-03 4.1698e-03 4.5127e-03 3.3711e-03 3.6876e-03 2.6802e-03 3.5914e-03 3.4393e-03 4.2553e-03 3.1623e-03 4.4177e-03 3.1472e-03 4.9143e-03 5.9759e-03
3.0738e-02 3.0855e-02 3.2787e-02 3.2749e-02 2.7005e-02 2.2527e-02 3.8273e-02 3.9308e-02 3.3760e-02 3.3887e-02 3.1724e-02 3.1323e-02 3.2046e-02 2.4409e-02 2.3723e-02 2.2266e-02 2.9222e-02 2.3723e-02 2.9456e-02 3.4783e-02 3.2572e-02
4.3976e-02 3.9541e-02 4.4555e-02 4.3259e-02 3.7222e-02 3.1387e-02 7.4949e-02 6.6920e-02 6.0721e-02 6.8211e-02 4.7142e-02 4.7779e-02 1.5081e-01 1.0043e-01 9.1524e-02 4.3881e-02 1.8044e-01 6.4469e-02 2.5129e-02 2.4291e-01 1.5683e-01
6.2407e-03 5.9865e-03 6.2077e-03 6.2828e-03 5.7422e-03 5.7699e-03 6.1392e-03 5.9707e-03 6.2557e-03 6.3319e-03 6.0395e-03 6.1556e-03 5.1239e-03 4.6637e-03 5.1704e-03 4.5584e-03 5.1871e-03 5.0310e-03 5.8423e-03 6.1366e-03 5.9000e-03
1.2247e-03 1.2113e-03 1.2762e-03 1.1954e-03 1.4006e-03 1.2671e-03 1.2961e-03 1.2842e-03 1.3206e-03 1.3131e-03 1.3494e-03 1.2897e-03 1.1110e-03 1.1974e-03 1.1131e-03 1.1482e-03 1.1628e-03 1.2810e-03 1.2506e-03 1.0977e-03 1.2431e-03
4.3108e-02 3.9975e-02 4.1614e-02 4.1133e-02 3.8033e-02 3.7507e-02 3.7483e-02 3.5977e-02 3.8776e-02 3.4975e-02 3.4618e-02 3.1984e-02 4.4861e-02 4.4180e-02 5.1756e-02 4.5950e-02 4.8174e-02 4.9868e-02 3.5789e-02 4.6651e-02 4.0559e-02
1.1286e-02 1.0916e-02 1.1377e-02 1.1514e-02 8.4259e-03 7.6682e-03 1.1266e-02 1.1740e-02 1.1747e-02 1.1402e-02 1.4647e-02 1.3902e-02 1.0760e-02 6.6011e-03 5.3534e-03 6.8722e-03 8.6733e-03 7.3721e-03 1.0660e-02 8.6834e-03 7.1097e-03
4.5753e-03 4.4668e-03 4.8679e-03 4.7921e-03 4.7940e-03 4.8018e-03 4.9037e-03 4.7733e-03 5.0970e-03 5.3608e-03 4.8918e-03 5.0974e-03 3.2574e-03 4.4636e-03 3.9303e-03 4.1215e-03 3.6044e-03 6.2412e-03 5.2411e-03 4.5738e-03 4.7124e-03
1.2959e-02 1.2582e-02 1.2919e-02 1.3743e-02 1.1834e-02 1.2578e-02 1.1519e-02 1.1399e-02 1.1967e-02 1.1624e-02 1.1269e-02 1.1076e-02 9.6154e-03 9.6690e-03 1.1059e-02 1.0427e-02 1.0042e-02 9.9171e-03 1.1340e-02 1.3285e-02 1.0743e-02
8.2414e-03 7.9710e-03 8.2948e-03 8.5679e-03 7.2592e-03 7.6392e-03 7.9978e-03 7.7368e-03 8.1251e-03 8.1538e-03 6.8330e-03 6.8891e-03 6.2893e-03 5.8611e-03 6.4571e-03 5.9233e-03 5.9298e-03 6.7917e-03 6.5753e-03 9.3465e-03 8.2098e-03
3.5589e-02 2.9328e-02 3.5049e-02 3.4422e-02 2.7256e-02 2.8214e-02 3.2636e-02 2.8514e-02 3.2972e-02 3.0635e-02 2.5106e-02 2.3568e-02 4.4432e-02 4.6193e-02 3.5638e-02 3.9787e-02 5.6564e-02 4.4160e-02 2.9251e-02 4.1605e-02 4.6229e-02
3.4161e-02 3.2400e-02 3.6179e-02 3.6411e-02 2.8422e-02 2.4661e-02 3.8386e-02 3.7226e-02 3.7724e-02 3.8933e-02 3.1186e-02 3.1914e-02 3.3795e-02 3.5762e-02 2.5212e-02 2.8083e-02 3.6769e-02 3.7508e-02 2.9076e-02 3.7691e-02 4.4070e-02
2.0755e-02 1.8630e-02 1.9568e-02 2.1136e-02 1.5659e-02 1.6927e-02 1.5446e-02 1.3946e-02 1.6068e-02 1.5788e-02 1.3017e-02 1.2325e-02 1.7586e-02 1.8791e-02 2.0342e-02 1.7864e-02 1.8912e-02 2.2508e-02 1.4378e-02 2.8235e-02 2.4486e-02
3.2364e-02 3.0740e-02 3.2297e-02 3.2154e-02 2.5727e-02 2.6984e-02 3.1136e-02 3.0106e-02 3.1564e-02 3.0623e-02 2.4936e-02 2.5172e-02 3.1228e-02 4.3520e-02 3.3909e-02 3.6438e-02 3.3116e-02 3.0953e-02 2.8854e-02 2.8645e-02 3.1253e-02
2.1783e-02 2.1738e-02 2.1539e-02 2.3700e-02 1.4625e-02 1.6282e-02 1.8911e-02 1.8455e-02 2.0160e-02 1.9675e-02 1.4477e-02 1.5343e-02 1.5474e-02 2.5448e-02 2.2216e-02 1.5279e-02 2.1112e-02 2.9544e-02 1.2355e-02 3.1824e-02 2.3866e-02
1.8893e-02 1.8758e-02 1.9103e-02 1.8642e-02 1.7023e-02 1.5539e-02 1.9269e-02 1.8778e-02 1.9308e-02 1.9432e-02 1.4999e-02 1.4741e-02 1.9670e-02 1.2624e-02 1.0437e-02 1.0093e-02 1.7338e-02 8.9217e-03 1.3047e-02 1.1899e-02 1.1734e-02
2.8206e-02 2.6223e-02 2.8791e-02 2.7912e-02 2.8623e-02 2.6316e-02 3.1764e-02 3.0589e-02 3.1304e-02 3.2831e-02 3.1113e-02 3.1916e-02 2.7622e-02 2.7690e-02 2.5965e-02 3.0202e-02 2.8240e-02 2.7987e-02 2.9370e-02 2.8312e-02 3.3522e-02
2.4369e-02 2.2446e-02 2.5620e-02 2.6345e-02 2.0549e-02 1.8894e-02 2.8752e-02 2.8475e-02 2.6597e-02 2.7048e-02 2.8299e-02 2.8656e-02 2.6785e-02 2.3769e-02 2.1809e-02 1.9614e-02 2.6738e-02 2.4646e-02 2.4662e-02 2.6803e-02 2.8667e-02
4.1738e-02 3.9368e-02 4.2403e-02 4.2526e-02 3.4239e-02 3.3763e-02 4.1848e-02 3.9806e-02 4.2462e-02 4.2540e-02 3.3474e-02 3.3999e-02 3.0845e-02 2.3430e-02 2.0489e-02 1.9406e-02 3.0586e-02 2.5267e-02 3.6678e-02 3.4759e-02 3.2053e-02
2.3810e-02 1.9220e-02 2.3270e-02 2.6424e-02 1.6240e-02 1.9099e-02 1.7748e-02 1.5287e-02 1.8992e-02 1.7797e-02 1.4057e-02 1.3570e-02 1.2883e-02 1.0729e-02 9.7355e-03 1.0349e-02 1.3898e-02 1.2733e-02 1.8531e-02 1.4974e-02 1.4526e-02
4.8153e-02 4.3806e-02 4.6914e-02 5.2523e-02 3.4192e-02 3.9027e-02 3.8803e-02 3.6796e-02 4.0253e-02 3.7470e-02 3.2202e-02 3.1484e-02 2.7903e-02 2.8300e-02 3.9326e-02 3.0215e-02 2.8237e-02 3.0647e-02 3.3030e-02 5.5682e-02 3.6126e-02
1.3866e-02 1.3665e-02 1.3788e-02 1.4155e-02 1.2152e-02 1.1484e-02 1.3433e-02 1.3178e-02 1.3401e-02 1.3479e-02 1.1293e-02 1.1280e-02 1.3159e-02 1.7998e-02 1.6767e-02 1.2567e-02 1.6306e-02 2.0937e-02 1.3300e-02 1.9653e-02 1.5357e-02
1.5358e-01 1.5018e-01 1.5383e-01 1.5276e-01 1.0219e-01 6.9979e-02 1.4589e-01 1.3711e-01 1.4526e-01 1.4304e-01 7.0353e-02 6.8166e-02 1.3392e-01 1.0521e-01 5.0074e-02 6.0091e-02 1.2999e-01 8.1306e-02 1.2663e-01 8.4826e-02 1.0732e-01
2.0000e-02 1.8490e-02 2.0655e-02 1.9285e-02 1.5360e-02 1.4231e-02 2.3521e-02 2.1496e-02 2.2895e-02 2.4345e-02 1.7404e-02 1.7139e-02 2.0577e-02 1.3094e-02 1.0809e-02 7.9512e-03 1.2194e-02 1.4847e-02 1.1467e-02 1.8277e-02 1.6940e-02
8.6930e-03 8.3802e-03 8.6176e-03 9.5716e-03 1.2282e-02 9.8116e-03 8.1246e-03 8.3538e-03 8.3177e-03 8.3463e-03 1.2570e-02 1.0837e-02 7.5341e-03 7.6072e-03 8.8004e-03 8.2284e-03 8.3376e-03 7.8071e-03 9.0593e-03 1.1265e-02 8.0843e-03
1.7434e-02 1.6734e-02 1.7283e-02 1.7687e-02 1.4021e-02 1.4956e-02 1.6062e-02 1.5323e-02 1.6263e-02 1.5597e-02 1.1792e-02 1.1541e-02 1.6554e-02 1.2423e-02 1.2330e-02 1.2895e-02 1.6851e-02 1.0403e-02 1.2838e-02 1.6350e-02 1.4593e-02
3.4514e-02 3.3972e-02 3.5023e-02 3.3333e-02 3.3943e-02 3.0417e-02 3.5633e-02 3.5705e-02 3.5822e-02 3.7176e-02 3.1675e-02 3.2962e-02 3.1482e-02 1.5884e-02 1.4616e-02 1.9374e-02 2.5095e-02 1.6331e-02 2.8982e-02 1.7441e-02 2.8774e-02
9.7536e-02 8.0820e-02 9.7264e-02 6.9253e-02 6.1696e-02 3.7905e-02 1.5902e-01 1.3632e-01 1.4737e-01 1.3831e-01 7.5729e-02 6.9788e-02 1.8179e-01 3.1797e-01 3.1511e-01 1.8009e-01 2.9466e-01 2.6976e-01 5.3628e-02 2.1339e-01 1.7166e-01
2.7863e-02 2.5772e-02 2.8513e-02 2.7486e-02 2.1623e-02 2.3232e-02 2.6301e-02 2.4521e-02 2.6932e-02 2.5084e-02 2.1406e-02 2.0692e-02 2.5432e-02 2.8969e-02 2.5096e-02 2.7818e-02 2.8461e-02 2.5233e-02 2.3840e-02 2.8477e-02 2.8381e-02
4.2617e-02 5.3964e-02 4.6794e-02 4.8306e-02 6.8172e-02 7.0381e-02 4.0559e-02 4.2422e-02 4.4718e-02 4.8693e-02 4.4781e-02 4.4505e-02 2.4436e-02 2.4895e-02 1.6758e-02 1.7802e-02 1.7164e-02 2.6101e-02 3.6526e-02 2.4145e-02 2.1522e-02
1.0740e-02 1.1131e-02 1.0935e-02 1.0927e-02 9.3840e-03 9.9189e-03 1.0803e-02 1.0891e-02 1.0863e-02 1.0960e-02 9.3468e-03 9.7805e-03 9.2814e-03 1.2376e-02 1.0380e-02 1.0023e-02 1.0080e-02 1.3762e-02 8.9560e-03 1.1409e-02 1.1465e-02
6.0403e-02 5.7555e-02 6.1698e-02 6.7585e-02 4.9747e-02 5.2540e-02 6.0999e-02 6.1047e-02 6.2826e-02 6.4526e-02 5.5281e-02 5.8312e-02 4.4236e-02 4.9272e-02 5.1993e-02 4.7778e-02 4.2979e-02 5.3531e-02 4.9581e-02 7.3144e-02 6.3545e-02
4.5180e-03 4.5993e-03 4.3154e-03 5.3282e-03 3.8191e-03 4.5675e-03 3.3012e-03 3.4206e-03 3.5833e-03 3.0263e-03 3.4592e-03 3.1339e-03 3.1617e-03 7.3423e-03 6.4641e-03 4.1309e-03 3.4799e-03 7.5464e-03 3.3784e-03 6.7048e-03 3.0076e-03
5.7883e-02 5.5240e-02 5.9783e-02 5.9629e-02 5.5181e-02 4.9280e-02 5.9305e-02 5.6892e-02 6.0134e-02 6.2325e-02 4.8001e-02 4.7900e-02 4.7029e-02 4.6400e-02 3.6249e-02 3.8692e-02 4.2731e-02 5.5265e-02 5.6196e-02 5.2234e-02 5.5910e-02
3.9126e-02 3.6785e-02 3.7741e-02 3.9376e-02 3.0017e-02 3.1981e-02 3.3169e-02 3.0134e-02 3.3111e-02 2.9729e-02 2.6479e-02 2.4675e-02 3.5222e-02 2.6495e-02 2.7269e-02 2.8076e-02 2.8357e-02 2.7681e-02 2.3245e-02 3.8799e-02 2.9187e-02
4.6029e-02 4.5032e-02 4.8333e-02 5.2731e-02 3.6310e-02 4.2314e-02 4.8014e-02 5.0973e-02 4.9553e-02 5.1263e-02 5.2310e-02 5.6174e-02 3.4004e-02 3.3084e-02 3.3973e-02 5.8575e-02 4.1231e-02 3.8180e-02 3.5656e-02 4.9581e-02 7.0940e-02
